fixed generations attempts
1 68 2
1 111 32
1 466 61
1 89 23
1 310 90
1 52 110
1 55 166
1 154 141
1 428 151
1 86 100
1 157 52
1 363 31
1 82 129
1 77 75
1 48 71
1 140 108
1 395 79
1 416 3
1 58 10
1 189 177
1 251 15
1 184 16
1 79 112
1 90 33
1 237 67
1 71 4
1 172 18
1 59 19
1 501 129
1 41 319
1 218 58
1 119 37
1 233 162
1 710 22
1 111 83
1 47 17
1 201 51
1 167 4
1 234 22
1 167 9
1 143 11
1 79 25
1 215 60
1 222 37
1 44 1
1 221 5
1 326 60
1 59 241
1 427 63
1 78 6
1 332 79
1 100 16
1 315 11
1 46 100
1 382 159
1 55 5
1 90 40
1 52 34
1 94 64
1 462 14
1 473 236
1 148 19
1 336 62
1 367 109
1 70 4
1 596 28
1 491 74
1 138 117
1 76 70
1 79 36
1 69 10
1 313 45
1 225 34
1 145 26
1 90 127
1 61 180
1 64 32
1 177 15
1 87 343
1 65 67
1 120 55
1 111 25
1 162 119
1 104 18
1 299 21
1 48 65
1 54 103
1 74 50
1 76 90
1 167 14
1 73 5
1 55 190
1 108 34
1 62 56
1 92 128
1 213 41
1 84 15
1 407 188
1 238 40
1 139 109
