fixed generations attempts
1 50 21
1 466 60
1 143 26
1 149 1042
1 422 43
1 116 143
1 800 11
1 84 2
1 231 10
1 317 19
1 153 15
1 139 1
1 89 56
1 148 157
1 129 22
1 72 127
1 125 81
1 86 64
1 78 77
1 98 211
1 107 36
1 96 94
1 173 17
1 402 47
1 83 53
1 459 68
1 165 369
1 322 177
1 447 19
1 450 16
1 401 149
1 303 105
1 124 19
1 218 38
1 823 3
1 259 197
1 68 142
1 180 156
1 220 46
1 55 41
1 124 5
1 191 255
1 161 52
1 271 115
1 67 92
1 302 505
1 58 42
1 119 11
1 229 184
1 45 24
1 102 268
1 332 86
1 726 24
1 53 67
1 367 99
1 84 69
1 209 110
1 149 119
1 393 67
1 465 7
1 121 6
1 180 66
1 153 25
1 239 11
1 47 345
1 239 300
1 71 105
1 60 21
1 232 94
1 390 70
1 56 42
1 288 67
1 300 286
1 466 116
1 176 44
1 334 255
1 159 1
1 338 71
1 137 25
1 188 55
1 142 37
1 300 196
1 89 119
1 59 22
1 342 67
1 70 291
1 90 19
1 67 24
1 153 57
1 214 70
1 62 20
1 177 32
1 76 34
1 222 58
1 71 115
1 199 106
1 479 276
1 216 279
1 302 146
1 479 29
