fixed generations attempts
1 445 121
1 183 179
1 127 150
1 155 230
1 177 20
1 442 116
1 539 36
1 175 45
1 45 147
1 242 1
1 117 240
1 198 42
1 281 94
1 105 173
1 181 259
1 109 38
1 146 859
1 440 351
1 391 113
1 156 56
1 451 105
1 429 52
1 103 223
1 246 5
1 69 157
1 102 101
1 178 112
1 390 77
1 73 88
1 445 94
1 842 11
1 212 453
1 245 327
1 261 67
1 57 248
1 233 57
1 140 63
1 94 299
1 261 12
1 189 50
1 179 137
1 226 199
1 106 742
1 244 68
1 342 50
1 295 325
1 338 13
1 212 79
1 236 112
1 428 41
1 193 133
1 305 481
1 165 85
1 283 277
1 410 101
1 176 43
1 276 389
1 386 51
1 327 171
1 162 175
1 146 11
1 237 141
1 469 52
1 111 42
1 268 7
1 384 14
1 144 488
1 124 401
1 210 113
1 109 235
1 256 179
1 128 69
1 207 31
1 200 133
1 153 428
1 403 47
1 419 227
1 88 187
1 180 242
1 132 30
1 322 765
1 327 254
1 50 314
1 358 203
1 362 131
1 147 213
1 259 181
1 67 47
1 164 393
1 182 26
1 239 258
1 76 284
1 178 225
1 401 238
1 115 257
1 173 359
1 166 161
1 128 27
1 737 62
1 418 39
