fixed generations attempts
1 43 24
1 123 12
1 178 5
1 104 43
1 94 7
1 39 3
1 67 28
1 86 5
1 74 39
1 261 13
1 116 33
1 73 2
1 60 29
1 88 11
1 66 5
1 47 13
1 52 13
1 40 1
1 57 6
1 329 15
1 48 55
1 45 1
1 34 7
1 41 27
1 45 39
1 284 2
1 41 1
1 349 106
1 46 49
1 53 25
1 41 1
1 30 2
1 46 18
1 42 13
1 54 49
1 48 1
1 67 61
1 88 25
1 72 33
1 51 22
1 39 66
1 40 50
1 39 1
1 48 36
1 145 20
1 49 6
1 42 15
1 58 16
1 64 34
1 52 1
1 88 48
1 60 10
1 59 30
1 240 25
1 42 13
1 40 25
1 234 3
1 92 7
1 48 9
1 81 26
1 61 113
1 35 82
1 244 1
1 39 16
1 57 6
1 37 18
1 49 14
1 435 29
1 312 68
1 366 24
1 55 9
1 47 63
1 49 10
1 78 1
1 59 11
1 47 117
1 76 2
1 50 23
1 207 20
1 83 10
1 46 37
1 73 9
1 46 16
1 53 34
1 39 20
1 101 7
1 51 1
1 46 3
1 58 18
1 81 14
1 58 24
1 84 20
1 229 47
1 42 18
1 73 64
1 75 10
1 42 8
1 172 10
1 77 11
1 54 10
